10246537
37265410
52670431
34015276
21547603
21046753
60143275
43270156
37254160
54072631
31507642
64571032
20345761
03571264
23416750
35724610
40357621
03265174
42105736
70264135
21574063
46071352
01425763
41620537
42715603
03716245
65210437
34016725
65721430
02615743
75402631
42017365
40356712
13645207
14726350
76045321
15046273
52017634
25741630
52740316
07653421
20467135
15247630
40361752
21354760
45713620
36021574
65012347
31465072
76410325
36421075
12346075
57140623
57214036
06315274
70231546
12463075
07546312
35416207
30615247
26315047
16375240
27610543
34756102
45376021
64512073
42056731
67415032
27341056
26130475
24013657
15263074
67031425
42306157
16570324
62507314
43670152
06431725
07235164
32471650
64251307
52476301
51467023
35601274
30561742
34201576
46352107
34201576
26307415
04217563
71643052
15467302
24576310
45713620
32761540
15324607
62547310
57301624
32465170
53017642
73015246
05132647
32154706
23074156
56041237
03246517
03167254
14352607
10645732
64512037
25640317
01672354
02573461
51206437
10563472
23461570
24516730
62475301
07361524
26571403
10524736
17305246
57032164
46271350
03257416
31627504
04517632
01245736
42735016
67140532
16342075
60235417
07523614
36470125
14673025
10375462
17023456
63140257
35140726
62415073
37145062
53614027
03127465
12350674
26513704
41056372
30426571
34507612
21450637
32054176
25143670
06512734
14632705
47012635
50371642
05172463
13605724
34260157
16352704
25461073
26174503
45610723
67310452
50623147
57041263
47321605
35704216
06723415
32170564
36072154
10756324
65473012
15437260
05132467
32657041
17324065
61530274
21356470
52304176
50463712
37260145
25046137
73456210
57412603
36742015
75203416
14265037
70542613
57406231
60374125
23546710
51423760
45601273
10237645
13764205
56437012
04163257
70356124
70564312
06451273
34156270
56031427
05621374
45620137
10542673
32465710
21306475
13470526
03624175
13620457
52160743
05426713
67315204
71234605
14507632
14256037
34206517
21546730
50413672
46135072
04761235
40623571
46315270
53207641
50127346
01426357
14250637
13607254
36157024
24156730
42075361
40732651
61453720
27501634
03651724
42615370
60741532
07352416
53761042
52701346
63142507
17062354
23645017
71345260
03541267
26351470
03512647
20134756
74320615
23105476
40621537
21034567
56274031
72045163
03514267
62073541
31764025
41350672
72361450
40756213
54367120
37560124
17340265
42573106
53716240
31274065
24560173
52031647
14362705
65037421
73402615
07632145
23647105
04376251
61032754
27635104
15467320
12736540
43625071
50613247
47132056
27635140
01427563
24316570
17426530
13204675
14207536
13520467
05324716
30264715
15026473
60241753
75024316
51760324
52136407
30572641
61402357
12435067
06374251
12734056
42571063
16725340
04713652
07614523
34627105
20176345
24305716
64513072
02346157
05637142
56172430
03421567
53217640
43016275
34760251
53670412
41632705
23650147
57236104
47031652
53614207
13405672
03246175
05634271
43702165
21365047
65341027
32467510
27604513
07156432
71432065
43751260
01746235
17326405
21475630
14025376
13746052
17560234
04632175
24056713
20645731
72306154
42756301
62470531
14572630
75460213
14503672
63274015
35721406
15467302
60342715
76135024
60513247
75612403
62741305
20413675
26051734
74162053
61250743
21740635
36245071
64735201
75120346
26310457
30465271
40567312
63274510
15046237
57420163
31207465
51732460
20374156
76241035
23715046
14023756
14532670
06345712
25741603
21056374
42350671
26134057
01342675
32065714
43752016
12567403
20173645
65347021
51742630
10746253
02637415
01346257
16204573
24056731
57360412
76325104
02351746
21764053
12573046
42703165
52067431
04375261
14267350
26015347
14735026
01425736
25463170
53042167
42350716
34265170
50371642
23406715
51362704
21706453
04652317
56021374
01246357
21465370
34052617
27345160
35046172
02564371
03617542
54023176
10345627
56127430
14705623
31462075
30467251
54673021
07425361
46152307
67321054
04317526
36170254
54360271
30421675
64750231
62074513
43051276
26547130
16532470
01372456
16572034
34056127
30157642
56270134
06523741
26315740
31645702
60542731
01752436
24307651
42570361
25713046
10723654
05276341
26413507
61523047
31746025
05267341
37165240
62134705
24735160
26510473
72351064
46723501
63027415
24751630
03471265
61402537
76350124
46352170
30756214
50741326
23154760
54172603
12465730
01532467
14760532
34510627
42057631
65721043
03762145
36754021
32415607
37160452
15460732
32465170
31052674
74352601
15064723
25046137
04326715
12347605
72045613
47235160
54731026
43016275
25413670
13054267
52763140
37514602
32650714
15063427
02651437
42631075
42063517
25417063
31502674
61723450
05162437
37156420
15374602
64327510
23146057
14235670
47025631
31240567
13476052
34671502
03761524
71263405
61457023
62403157
10263745
10234765
61274053
53671420
53076412
23567410
30526417
51420637
43527160
30514762
67450321
12645037
52641730
50146732
30527416
13405267
24306571
15604273
72630145
52647031
26154073
13247506
21365704
67254031
24063517
23015476
50164372
12760435
52167340
10523674
63410275
01427635
40732156
12564073
63174520
63241507
25670413
53207614
35741620
23051476
31520674
31624570
76124053
20354716
64320157
62315470
72453601
03457621
06743521
36015724
64105372
67540213
16705342
31657402
21450763
24607513
20351647
47635021
03572614
47106325
04615732
76421503
10256347
43015627
04657312
64137250
72406531
10425637
72306154
65327104
21054763
37016524
45621730
24106375
17240635
41602375
45130672
43107256
56710342
51634072
41275306
40216573
47365012
43752601
40562731
75631042
63125074
45270361
25074613
42103675
04356271
16074253
65203741
43267150
32450761
13645207
02713654
53246701
34612705
20563741
72546031
62350714
17526304
72314506
53240671
21345706
42537016
52406371
32567014
46351720
24365017
46170532
45720361
37042156
26704351
31547602
60534217
15063742
25631074
01562473
56214703
25031746
50346721
07643152
07325641
26145703
14326705
31752046
41256730
36052174
10476235
03524761
61257034
53407216
74213056
05142673
36057421
42756301
14026357
72164503
35470621
41203657
04375621
52361074
57614302
13052674
17204653
52130476
64752031
60243571
34256710
05162374
14053672
30742516
34257160
32016754
14056723
40537216
24563710
40217563
67043215
50741632
25071346
52461703
10237645
57310624
05261437
75123604
15673240
06413257
24061357
15247036
50724631
37156024
06421753
13627054
04275316
63214750
75304162
46053172
51402376
41260375
47530162
62740315
45201736
63047512
73140526
73012654
26547103
42560713
54273106
50127463
16732054
17430625
31562074
60425731
20365741
06415273
51360274
05634721
25163407
23406751
56210734
51246703
15602374
45701632
13562740
10735624
61430527
53076214
45367210
76241053
15406237
05374162
42315607
40275136
43615207
36052147
05463712
05631247
34706251
67530214
53146072
36250471
60251374
15430276
21703564
02147356
70126354
06315724
47605312
32045716
73012564
40361275
25361047
53240167
23460175
52410376
50762134
51304762
75016324
42056137
53416270
07461235
10247653
27036154
06237541
40231576
07356412
43570621
76103245
75620413
30162745
07614253
72345601
35712460
64215073
26035714
10756234
03527641
16047523
73560142
63571042
16375402
14723056
25073146
30215746
72316045
34152670
73561024
64702531
64375102
34176205
23605741
02341675
24761503
63017452
34072156
17453026
53204617
26035741
71235460
25014637
01352647
15624370
47605123
52430716
01742365
15463270
42613570
62170435
10374265
51436027
20145736
71502364
41652307
07345612
10652734
36720451
34160752
27356410
73012456
75402613
52713046
04652173
05374126
23067514
53146270
26503174
40531762
27165403
05326714
63740521
14063725
43605127
31250476
65412703
06754231
02415637
47530261
57120436
25304176
12476035
04217563
01547263
53706241
20613745
73165042
15703426
61253407
61735420
16053247
41625703
40731562
17543602
62314570
23650174
31275046
62531740
15246073
17463052
67351420
16042357
40173256
16275403
25403761
17453206
10263457
12406753
20753416
17365240
21054637
52746130
12045736
32075614
21530764
05246317
07345621
06275431
26031754
14705263
13245076
24013756
23715640
71360452
31265407
16043752
26430175
04271563
47352610
16257403
30576214
50176234
10543276
34150672
20346571
24160357
14362507
37042651
13657420
40157263
13645702
56743012
71053624
73214056
05324176
67412035
73106425
43506271
65320741
75124630
24315076
53146072
30421657
14650327
16752043
61743520
13057426
15670234
75401236
63517402
01326457
45613072
01653274
73562140
41735602
15364720
25034167
53671420
57324016
14572603
61507324
63105724
16740253
27134605
15406732
10375624
32456701
02453716
12045673
53147206
17524630
52146307
15307426
34601275
37046521
21536407
61732540
67231054
14762530
73452601
56127340
65713402
45102637
20764153
15362740
71250643
13675042
07631524
27341065
53427016
01347652
57406231
15076324
12436075
23701645
12470635
13467520
04126357
04561723
41063725
04315762
52316407
16452370
07461523
23154067
20765314
73124650
60725341
20543716
26057143
74012563
51627430
37620514
15426307
27405613
30564217
10347625
32415076
24315670
07214635
24705613
71206435
36251740
02765341
42635107
40751362
34720615
62701543
26140753
12064753
47623510
25307614
32567410
23716450
12304576
04536712
46257130
71206543
23610754
23176504
05362174
25067413
74261305
41350762
43256017
60527341
20361745
57042631
25361740
52164073
36514720
36471502
64235071
30471625
01374265
72135064
05172436
67045123
07562134
42306517
30412657
42635701
71340526
06132475
40135672
12654730
46302715
65402173
42357106
17053462
42053716
63154072
04561273
14560372
73425061
61237405
52316047
34215076
75104632
52410673
15740236
50367214
01357264
70465312
43760521
10743652
32516074
71043526
01652743
43725016
60253417
71634025
12536407
27613504
63420715
02165473
15627034
54236107
46231750
26354701
14735206
30427615
37610254
10432765
47260153
47632510
64273510
23071645
04527613
62347015
34760251
17235046
17345026
71605324
01643752
64235710
12765430
42031765
70465312
31604257
36427015
13627054
46317502
62413057
32714065
50367241
64317250
12543607
03465217
60573421
35126704
01732564
45012637
23645071
75042163
01563472
65170342
43251067
20461735
62350417
14507326
57306124
61523047
26513740
10627345
41527603
25431067
27406153
16025347
31426507
71024635
67034512
24031675
32047156
06315472
41035267
12503467
14026573
31205476
07156324
30576124
25607314
20134567
51042637
17534620
02736145
47251360
72413560
71365240
57016342
45160273
34651072
01364572
07325146
43602715
13052746
52067431
52306174
25146307
73450216
70532416
43107625
72053164
32456107
15472063
20143765
02751463
14627530
31024675
25370641
61045327
41763025
60547312
34512607
37250614
34120675
46725013
47625130
20743165
42753160
42650173
01374652
45710362
32567401
62405731
02316457
27046135
67341520
23406715
04653712
50724613
34706521
46251037
63572401
14265730
40653712
25170364
34706125
41702635
74316250
17560324
25304716
14526073
57320164
14605237
05341726
21706543
13745026
73140256
67532041
05437216
10327654
43576210
23750146
43705216
62140537
54137062
42173056
25371406
45317206
02135467
62740315
64120753
42537160
16437025
24153706
21576430
25614037
07251364
30572416
62574031
27536410
25706413
71056324
35726041
30175426
41657230
75162034
40172365
35421670
23140576
65401732
10752634
64703152
75613042
63251470
27031546
13756024
34501267
04351762
14327605
04152736
03256147
51470236
26740531
24503167
15763024
23560174
56013274
62347150
56321074
43516720
12453076
42567310
15437602
16275340
60473251
20764351
30746521
42610375
05643172
03647215
50412376
32765401
53627104
21573064
47301256
41037265
12607453
42536710
57326041
24630175
30512746
41350276
20153476
30156427
43607521
14352076
12074365
56210437
13246705
60342571
15270346
21043756
16520374
43617052
52307164
01247365
40356721
31427506
63521740
60735214
02763145
16435072
53216704
63571024
51347620
14036725
31640752
27316450
62431570
64730125
25716304
41570623
73250461
25146703
51732640
34562170
32410756
47061235
45071632
72061543
21574603
46723510
74156032
41372065
56410327
10245637
31456027
03415627
26715430
23540617
25037641
70621453
10574632
12504637
35017426
42765013
42107356
01365742
41025673
76234501
36025714
74320516
51627304
24067135
12705346
67315042
05716234
07461523
02714356
56320174
45160732
13457026
25614307
13567024
47062315
31604725
15642703
13065472
15042736
43012567
06752134
30457126
06517342
27531064
07321465
63471502
47251063
21037645
07365214
36512740
73415062
56703412
01475623
50267341
52641073
01246375
15362047
40316527
27413056
63742510
56324107
06342175
56347102
14527603
13602574
41256307
12457360
63150472
15426730
12370654
31625470
43725016
20157346
13426057
54367021
61357024
13542706
20163754
05347612
14357602
05476123
15067243
12645307
47230165
60351724
32754610
41027563
16072543
73614520
50673412
52106734
06432751
27031465
07145623
10754623
01253764
02156473
12730645
43167250
37642510
70623154
73504261
14675302
62751304
21547603
63410572
15647023
21743065
24705316
05431726
76142035
36507142
74615032
05412376
25360741
12504736
43012765
02316574
02135467
14276305
17042365
21735046
67410532
51037246
72160345
02371546
01245673
54612073
06273541
46375210
31072654
53462107
27563410
12730645
03562741
50617342
24315760
32701645
64503721
64751032
32057416
40371625
26304517
24651703
07512364
45210637
46132507
56034721
43075612
06753142
52071436
30216574
70521634
32074516
24360715
25607341
23571046
17560324
31062754
67502413
25410637
56210743
36451027
23640751
03642517
27463150
21607354
51326740
12607345
14305276
64370152
27416530
74013652
35627104
74065213
45367210
25614307
45672031
26751304
06431527
52306174
34276150
60254371
34172056
40576213
10347256
42051736
52147360
62107453
52473016
04253167
75134062
05347126
14273065
27316540
63175204
12647053
60274135
71026534
10245763
71623054
63501274
72140635
20341765
45270613
17543602
37042615
56034217
65342071
12637045
21467503
63140725
32467510
20453716
64132057
42307615
07354126
14320765
16345207
41270563
43601572
56437210
14370625
02463517
12057436
42603175
54102367
03416257
40167523
21365740
60521734
56204137
54276310
36751402
14763205
42073615
13265740
62754310
10547623
62315704
54306127
61075243
41235076
46173025
26730154
62457013
25346710
61275304
14075326
04736521
06321457
03142576
27650431
64172305
43765120
73546201
57634201
42517360
02143675
16305724
76251304
05231674
70653412
37045162
53021674
27610543
76154230
34612750
01263754
60425713
06451372
43710652
06147253
13406275
10453267
31452706
51043726
71365240
45630721
72315064
14275603
61205734
65104273
03564217
30657412
52670314
06725413
67523140
13246570
67435021
26715043
71406235
47316205
20345176
24310675
05716342
26370514
70421365
52746103
10367245
63254107
25340176
53027614
63102457
72106354
35046217
45763102
50274163
64510732
43720615
01265473
62431075
32674150
42675013
04361725
62415703
04156732
35406712
65374021
32507461
57162340
21360475
25714603
12056374
26513074
20571463
14057632
02347651
76503124
65432071
06231574
65307421
25167043
54271603
16532740
16075423
50716342
15347026
45621307
14506273
34156720
71546032
46103752
75614302
20475316
52307416
43601572
24063751
75063142
10264735
02374165
40726315
20746135
27416530
14520673
23567140
25146307
20375461
10634725
35247061
04157623
23760154
32041657
72654031
27340615
41507236
45123760
52137604
25346170
60153724
76345012
20461573
13672450
65310427
36720514
50467213
60415237
60712453
24105637
10746325
30251746
25014367
41365270
05132764
31204675
62534701
45103672
63520471
50746321
72513460
40763251
30174562
56304217
62150734
01476235
71603524
25631047
76302145
63410527
17043562
13075264
10246357
71436520
12563470
06473152
12304567
25461370
36751420
65234710
51347062
45201673
63140275
20415673
52430617
42567103
14523076
45617230
04712365
40563172
34627150
12057643
42736501
37015642
62435017
04271635
17236504
13270654
51420367
56740321
74021356
56103247
20374156
64530217
46105372
26170435
05237416
56314702
25670341
63140572
43725016
75043261
61420753
71546023
61043275
72506341
35240176
20716345
32407615
15347206
13426075
50172463
12670534
14056732
06532471
03675241
05176432
23046175
47512063
62317450
26714053
76053214
16054732
63527014
10742635
26431705
06245317
06432715
42560317
56147203
42356071
25340716
30647521
02613574
01347625
04375621
14236075
41306752
42756301
60342571
12043576
70253614
10725634
15367420
02673514
10357642
72310645
26451307
64275103
10672453
04635172
10542736
36245170
62057314
52631074
14650372
35461207
13476502
13760245
10546273
73650142
42173056
32561407
65047213
16205743
36425107
63541072
40276153
17534026
52160743
13045762
73651024
27603145
35761042
51624370
50264731
02641375
24503617
72460531
30654712
21345706
47601325
37041256
56314720
27650143
31726054
75340216
46017235
16025734
76501342
60517432
51047623
41602735
15706423
72315460
75361024
21506347
75346012
01475362
53721406
71543602
04137265
12370456
23517406
26301457
04257136
64520137
35426710
76234510
62145730
63705241
07352164
06253147
10547326
75123406
53460721
30612547
01465327
15463702
56243017
03651247
30654127
63574201
40165372
31607425
51720634
73520146
71260534
24713560
27345601
73215046
56340271
52173064
52073164
15074623
32701564
50721436
64035271
24157063
05216743
52604173
43065712
73421605
37061524
35642170
51460237
32165704
36147250
42035671
40175236
51703426
63420175
12460375
75603124
37652401
03261754
16345270
30276514
61745032
50216743
15734260
24716503
62401357
52146730
61340572
67134502
05146732
40375261
21560374
62043517
60437512
51024376
35764021
15726430
65013724
51704236
42316075
21465730
15736042
20756143
54607312
45321706
64732510
43621507
21065473
67251034
62741503
03425716
31260457
23506174
72615304
23047615
16042573
24153076
24701365
56071324
13764520
30167452
43672105
43561027
23605471
46570213
50431762
70645312
05147623
76451302
02473561
26417503
13052674
03276415
23460517
30154672
32046715
25034671
35146702
20364715
61237450
01357462
01254376
12675304
02351746
14326507
65032471
45763210
13502647
03241765
65103274
74316250
40372615
46023715
60412753
04731256
21567403
61732045
57630214
43627105
46135702
12456073
50126473
05713624
02154367
47502316
03142576
64012357
15740263
64317052
57426013
50721463
46325170
03756421
37524610
10346725
32401765
30456721
03164725
10647235
62745013
52714306
50236147
45310276
56417032
07514362
10327465
53271604
13265740
63051724
50246137
36127504
13760254
23075614
47501632
12356704
21374605
51426307
13407625
76412350
63107425
74261530
51437062
13725406
25067413
12753640
37046215
06734512
42165703
35170624
67105243
61725340
63271540
35426701
64072315
50127364
20764153
16503742
13420657
50126743
51362740
64201753
03421675
21543670
04265137
36475012
56370421
72503641
14756230
36047152
16257340
21657043
35260147
43156072
45203167
73145026
67512403
02467351
25730146
13026475
67320154
06374521
42635017
03276541
72063514
72450613
31420657
54063127
17345206
47356201
75241630
34125076
14370526
64105723
04621573
26301475
34201576
23147056
50123746
15423067
05234167
54213670
35601742
05324671
03164572
57103624
45327106
54630721
34610725
34175206
21437605
30427165
52643107
05163724
05342761
03265471
04316257
41537206
07415326
21537640
13724560
56327014
10754326
34657102
30176245
01263475
01537462
16470352
70325164
60153472
35021764
46302517
71354620
41520637
65403712
20157436
45031627
20753164
01274653
20154763
10246573
60421357
41653270
52610437
04315762
61074352
16520473
26405731
04126357
43705621
04632571
37412560
72364105
16750423
52740613
24706513
03471526
57364012
37541260
23405617
56217403
17650342
25670314
10437526
74023615
05173624
25714360
12647350
41507623
02645713
15746320
03642571
76241305
56043721
53276041
20375614
46702351
13674502
71246350
45672013
47305216
65241307
36125074
71546023
34102765
62045371
37640125
54261703
14360725
41605237
23401675
65740213
64572013
36501472
23547016
10325764
34506172
61704325
67540132
16745023
14705263
20531764
26140735
34062715
30465712
27140635
71540632
34120675
13250647
35076421
53460712
07324615
71364502
10432675
13526740
36410752
25346710
34057612
46253710
36752140
61274530
64015273
06235147
16407523
27640315
13465072
16423075
03427156
15623704
13657204
04123675
04563271
50621437
26410735
71423506
15264703
40721653
61027453
63752140
30741256
61072354
61425073
52106473
61254370
27603451
02346157
15604372
53201764
07342651
76310524
24375106
64013725
61354702
43175602
54023617
76230514
40165273
67130524
57021436
20435716
47021536
12645037
02174365
25307146
71502643
07652134
21564037
54602371
26735041
67132045
24160753
16572430
05324617
02154763
03645172
45763021
50763124
46237015
25067314
14275063
62154703
10473256
06315274
04125763
02346571
36451072
41207563
70613542
60324751
70613452
46752310
56712430
61305742
30517642
16302457
13402765
43720651
15207463
15370246
57641023
54267130
36742501
27450316
16240753
71065423
37465201
41673052
31072654
20657341
62513047
51306742
21406375
71234560
12503647
07241356
46521073
50136274
01527643
52614073
40521763
12053674
20637154
32475106
03126574
37015462
61547320
67321450
04716235
03672514
10374625
43120576
70265341
62475013
51476230
26715043
35076214
56132704
31467250
41605723
25360471
56740132
05713426
06753412
16423705
26031574
62537041
64321570
26034715
51460723
25740163
26435017
65130742
62453710
31276405
53140276
32564710
24167350
67321540
46035217
12304657
03415627
04725631
64520371
07162354
07534621
13574206
63124057
25731460
40625317
20637451
13406572
46321507
20463157
26431057
23107456
04752316
72630514
75103624
56017234
21567034
42567103
05732164
75634210
45271603
62314705
13527604
54130627
05173264
01364257
01234657
20635741
01764352
31275604
31570642
60527413
16257034
06713524
61572403
65432107
17340652
03645271
75436210
63504172
03654217
04516723
63045217
34075126
74053126
12740653
42573610
04516372
41263075
64205713
54162037
21576034
32475601
10537624
05416273
26143750
36415720
26503147
02536741
07432615
73152046
04162573
45602371
60341752
51736420
32517640
10356742
02436751
14203756
30216745
20675143
05413726
64732501
24315076
56741230
32064517
25601437
32145670
31204675
42106735
41563720
34605721
32651740
32564710
54016273
05674132
42370516
14025367
10576234
02735416
54307126
56140273
43206715
46730251
56032714
14253067
07325164
52307641
04362157
47106235
17043265
24135706
05142763
30267541
16320745
62543071
16023754
60751342
63021547
47012365
12754630
14652370
76425013
04751632
32075641
72401653
65102347
57423160
42056731
23456710
02765134
43561027
37254601
24137056
12073645
67341250
04257613
25376041
02316457
26470315
26743051
51046273
07345126
35120476
02645173
47603512
24306751
30427615
26037154
25317406
17063542
61375204
10326475
42356017
24570136
73506412
37042651
36045712
10327564
35462710
46572031
32746501
40372516
32471056
61250743
24075361
07345612
13046275
71405632
02134756
01467523
23750614
25307416
73102564
15723460
07614352
05467123
23615074
13640725
51603724
53170462
21057463
14537602
23547601
25041763
05124637
26154703
65347012
01426735
72641035
13542076
14326570
24371506
43275061
37652014
76405231
41276305
12675430
32056147
76352014
71603254
02465371
45671302
27631450
12453067
01457326
20675143
12047536
74650321
05427631
40123657
75241630
54370126
40563271
01247356
41507263
04371562
52147603
17345620
73452061
51204637
43260175
62401375
51703462
20356417
23065417
27514063
02537461
12403675
35601274
62741035
70524361
14053762
72065413
14275630
47631520
54236107
04736152
62015437
35642701
70162354
65372104
71423605
32405167
24356710
30417652
57143206
30241576
10753642
24613750
50347162
32017465
20734516
73421056
36517042
54763102
26735041
62413075
03745126
62504173
31047256
35016472
07341625
74206315
54612307
64512703
30641527
04361527
16537240
10634752
04635172
54023716
72305146
52763401
61702435
56340271
32415067
10743652
06123754
63247501
26745301
74320651
24063751
06574312
12407356
30425671
21054763
17345620
16023574
56031472
13042756
25174306
17456023
75630421
25413076
17352046
67342051
43107562
26453701
07246513
17643520
25301746
15042376
16745023
26314570
02463571
34056271
16374520
34106752
53204761
41620537
35047126
41257063
76412350
35041762
43156702
61235407
26514703
26105734
72456130
16203745
23071645
15702643
67013542
53420716
51462370
67512403
10365742
40721635
57314602
51062743
30572461
61542730
07164235
62471503
17302456
71405236
27436501
53701624
42730165
46012375
15064372
35627410
45102736
10254763
46572013
25746103
60457231
71364205
40765123
64012375
43210675
35146027
72104635
25460317
04562317
32615074
02456173
75316204
25716340
62354710
62407135
31467520
15437062
16570432
23517406
01735624
52064173
17254630
50761243
57046213
32045176
42053761
01523467
13064275
17643250
50421736
06375241
67314250
20345617
76024513
07321546
35167024
56274130
21340567
71426053
51726403
31240756
13067524
64015732
37012645
30472651
46253071
63041257
36504271
32450761
17560423
23675410
71403265
46213057
20763541
17650234
46213075
10742356
35701246
60143752
63501742
46037512
32607451
72016354
17236405
03564172
14072635
04275361
20451763
23546071
01243765
40517632
72506134
07456231
01367254
04132567
26573014
05236714
46521730
75142630
37562410
03745261
72540316
32417506
15067342
37421056
21650743
16045372
72136504
52413760
75146023
15360472
61502347
70162543
07641235
13520476
35764102
75142630
30526417
24537610
47651032
30745261
32517604
71640532
30714256
72064153
60542371
20173546
75436012
04652731
45073216
74132065
32610574
17524630
61327504
12740563
76250314
24176530
75026143
57310264
73651042
14350726
46150327
27560314
64170532
01257364
10256347
20751436
35420671
15643702
54102637
21734056
60152374
53421706
04375621
14523670
43520716
63501472
41703265
40216735
23670451
13042765
27453106
14723056
73254160
37205461
56271430
14362750
51742603
46315207
76502134
67042315
15324670
72530146
02457361
34607125
13752640
45761302
25736041
50673241
60431572
02641753
30475621
32514067
51234076
42710653
36107524
05264713
64201753
75043621
03517462
03715462
05743162
10426537
13065274
03154627
01435762
41053627
64510372
43065172
25437061
74035612
62351470
30126475
74031652
13726450
74213650
15026473
41352760
32074156
37215604
35701264
34210756
32756140
17642350
41573062
30257614
15347620
47315206
03571246
43106725
67102534
10634257
76134520
74120563
64107532
02136475
12536047
52604731
64310725
65021743
12506437
47315602
74015362
61572034
62057431
14206753
07325164
14052763
43052167
24075613
05324167
26150473
54126703
12360745
60547321
74506213
75026134
13265047
76254031
35612470
27160543
54167203
05147623
15346270
20513647
73145062
12065743
30146572
34751062
62457031
10635724
56102347
13256047
31206547
51074362
52370146
65207341
16372450
54017263
61054273
45362107
02647135
32571640
26035147
31624570
16342705
17560324
43052716
15473260
30725614
76423510
04675123
43170625
70541623
32061754
03645172
06415723
52630417
65372104
31542607
24510637
17460253
03415672
05731624
50214763
25673014
23075461
72456031
14207653
64705123
16375240
01254367
17234065
64013752
14372056
25146730
65712043
25634701
47205163
20654731
76415302
24056371
74612053
26031475
14367052
43215670
40126357
70254163
07251643
54063271
52063174
14530726
27065413
23460751
53610427
03761425
20564173
60371524
24071563
30716254
70643215
73465201
30254761
13764052
60742135
51420736
12340567
43706215
50264713
47360251
73641502
67152043
04653172
27346051
46135027
37506412
53102476
74360125
04325671
41625730
36051472
57014326
13704526
32617450
76523401
41065732
41073526
42130657
51326740
43061752
04172653
37046512
07265143
50314762
64130257
36042517
65347021
05643172
25176034
16027354
42605731
64503271
51340276
65703241
20715643
53146207
40176235
62715430
23045671
53402617
34157260
43625170
13067425
73245610
40276315
14735026
21764503
51467203
07154632
52041367
53146207
45163027
14327056
15436702
16042753
07564312
27305614
62015473
34051672
63750412
12643750
43560127
30514627
41650723
75130426
15247306
23716504
15436720
62531740
41637205
65310274
32541076
21403567
35724016
47205316
27103456
01345672
35270146
21607534
62574130
61352470
12673405
47312506
24367105
10435627
67421035
17520436
50621734
06251437
61427035
47526103
16037524
56321407
30164527
06435127
01324765
10372465
67543120
62705413
35046217
42531076
50174263
71236405
26157430
65023714
21735406
06132547
01475623
67534120
52064137
40357216
27054136
42306517
13645270
53026417
01375264
41203675
24356710
06521473
56307241
65041273
51034267
14502736
12573640
47316205
03651247
42735061
04237561
25176034
71523640
15430276
34216075
12304657
51703624
42176035
10372564
62105374
20461753
32714056
21065374
25671034
45720613
35142670
07234615
23174605
35207164
14520673
71263450
74061325
64307125
12605374
56127340
56130247
43670521
46503721
47156032
17462035
72541630
05342761
65270314
45370126
51076432
26103574
70321654
34561027
34571260
72105634
32701465
24065713
75201463
52604137
60453172
57364210
01725436
17304625
67031542
75412036
23570416
50374216
02714635
06215473
64102375
07245613
40312567
13760245
74150623
14637502
13652074
05132746
12753460
74506213
06325741
62541730
14567320
71465032
62503147
17362045
41307625
42173650
71052436
52136740
31560274
32514067
51642703
42513670
67401325
63471205
52730461
21376540
10765432
21736450
42063751
63721045
53641207
13406257
72314560
04153762
03712546
53407126
51764230
26105473
61420735
21054376
02645173
23540671
52714306
24053671
07245631
30657214
70123465
72061345
01674523
45176302
02531476
17460352
42603517
13467205
50346712
42176035
46253107
54612730
10576432
17026453
46325170
23560471
60543217
06537241
01625734
31604752
36405721
71536042
06574213
23157604
46275130
12304675
01753642
05236174
12670345
34571602
62570431
52063174
35716204
27341650
32716405
67132054
36120457
25730164
05376214
60143752
70362514
64137205
12603475
37651024
30512746
31720564
60471532
42763501
31407625
36174250
26751403
36572041
54062173
60145372
10356472
52736104
05423167
26401735
67532140
17240653
16045372
17436502
26415307
62504137
04152763
30612547
62345170
52670431
61254307
43125760
34712605
65437201
21467530
12706435
42375016
13746052
62547301
24615730
21630547
64215730
47352106
10267543
34657201
42351076
35704261
42356170
64725031
07254163
30746152
15420673
50762143
16042753
54263701
42071563
10326745
57201346
06714235
54621037
02143756
53021476
57360412
73061452
65472031
10357426
40362751
72513604
10563724
70235641
63142057
52603174
45607231
57231640
16203475
10756432
74562031
13065274
23071456
14526703
20645137
31476052
53764210
15430726
13075624
04651237
24036175
26053741
37016524
34265017
10437256
24156703
13402765
16025473
63012475
05137642
24710653
30245617
16372054
65023714
52170346
06451327
21560374
20136754
26457013
51327604
76520431
02135467
35204617
47513206
03156472
15634207
03164572
17264035
15764023
46127305
36472105
30425617
03426715
53074216
65012734
01427365
32641705
72401635
37041652
15374206
04632517
61547023
75234106
60127453
15327604
21437650
04256137
04765321
14023657
03461752
72041653
07432156
36215407
50724613
04736512
05263741
36427150
17032456
32017645
47561302
25761034
56240371
64527130
12675043
23401756
52104637
31450627
51603472
54130762
42157063
05746132
75032416
23745601
13645027
56371024
31025647
31024567
10457632
76021345
01524763
64132705
23170564
24506317
62314507
01764235
74203561
32506714
63701542
10723645
45620731
07463125
71540326
63057421
13426750
62513074
02467531
21036574
57401236
13675042
04253716
35407216
56734201
74502613
30274156
70164352
06754123
17460253
51702346
54672031
56103427
15246370
21346750
72103654
26374510
70364512
06324175
12360475
01326547
37215604
53467021
16530724
32016475
13452067
20315746
20547361
30571462
32045617
45172036
52630174
23510647
06325471
30561274
73021564
67541032
17250436
36514270
26357104
63405721
30615274
43205671
43172560
24615073
04357261
23174065
03154672
72410365
57062134
42031675
36105247
24357061
73546102
02763415
32645107
65120473
14675032
17325604
12063754
24173506
31276045
02371456
46321570
56417302
51673402
10345276
45327601
04716325
32617504
16430752
45012673
76352410
43125706
27304615
36075214
05126347
43056721
07615234
61350427
31624075
47051632
21657034
17345260
75302461
71546230
15403672
30452176
72465130
41376502
24103675
46751302
62453017
12765043
62713504
63571024
41670253
26017435
03421567
15324706
71352604
15273640
03245761
67423510
50472316
74062513
41675302
10342657
25467130
12046735
35210746
20574163
61405372
57123460
72463105
50147326
07356241
73106425
53041276
51043276
12743605
21345670
60352741
37250461
12463705
57603241
31724650
32074561
51304627
15476230
71026354
07346215
73501462
37651042
07563421
62730145
34057261
51640273
45031627
03651472
06127543
04563721
42536170
34621075
62074531
05734162
61357042
50437126
10423765
35406271
12376504
46530127
50426371
03145762
41532607
42015637
45702613
26017435
01543672
12437605
56201734
26547013
56143072
27130564
45321760
07564213
51427630
20576413
14560327
26041537
10564723
25364017
24136057
40763152
52170634
20761435
56021743
26475031
70345621
46127503
67520431
24150736
20746153
13042756
61027354
32546107
64230175
20176354
45712063
46321705
63572014
10367524
23157064
04615273
61257403
53706412
35724061
23051647
02134675
53127604
31652740
56342170
04637251
26047513
10364527
26517430
63201475
43021675
70614532
32640571
24170563
47521036
23160547
12607345
05132764
40751326
60371452
56734102
42071536
53470621
72354106
64321705
73645012
40715632
52476103
74130256
23467105
01354726
60437251
26510473
45076231
21034567
32074516
15370624
40527136
16274035
42351607
60734215
30451672
71260543
12450637
47601235
65107243
31264075
67415203
24756130
42071365
12760534
52610347
60273451
63501427
21567430
36520174
65730142
71203546
72164350
02146753
47130256
16034752
17602453
24105736
21453706
61532470
16753240
02654371
32175046
41720365
31475260
40215673
37501264
74520631
63571024
42317605
37264051
15472036
26537140
32074156
21437056
56307142
20345176
45102763
02745613
04723615
61540237
73205146
02741653
01275346
73024561
27541630
12304567
05374162
74105632
16043572
12754603
24130576
05732614
74502613
76045213
31746025
75130642
06421537
62037145
02576431
47316502
27564310
34165027
61237450
12607354
60513742
75621430
12643057
43205761
24637501
46023571
06354712
62570341
43267510
31704562
41357206
10347652
40561327
13425760
57301246
26450173
13405627
30147526
13624507
10674235
14762305
53206147
36072415
60451273
26417053
42317506
75230641
07321654
20346751
60315724
05174632
46537102
60713245
02456731
36701452
15734260
47605312
70134652
01254763
61540723
60124375
72641530
30576421
21635407
13042756
03216547
15742063
13205647
57043621
52163740
41026357
57204163
40753612
42176035
74625031
71540632
72506413
73546021
15267034
03715642
40731526
06214573
75012634
15320674
53062714
07316452
21346750
05361274
23154670
21560734
23054671
64350127
10726543
32456107
53120476
24631507
34175062
27036541
27503641
61720354
47520613
06217345
37564201
36751402
37401562
24650137
32517604
30657421
12463057
14326705
26403715
30412675
70643215
07254361
26471053
23041576
31625704
10346257
36152407
03542167
16327450
12360457
45637210
42371065
12437065
24017653
13645072
17423065
06251374
64150273
14607532
43026751
62403751
51364720
60412753
07134256
23415706
34065217
25046317
34760125
03147652
32740165
45316027
51243607
27135064
27160534
54027361
05276341
63120475
75214306
32465170
16025473
42710635
45072316
40752613
31740562
51267403
37160452
53742061
30561427
32610547
24760153
40365172
01523764
64702135
31074652
07516234
35712046
07134652
06214537
03416572
10376524
51604237
37126045
12563470
72165304
15762304
75306142
62051743
70453621
05361724
70542316
56473120
43276105
50163724
03621475
23541706
61520347
14067523
63152470
65340712
10234675
12405763
21570643
42031756
60543721
63504712
26157034
64357120
03462751
14230567
20617435
25140637
16025734
15023764
63105724
63427510
21670534
73514026
62035471
20174635
67140352
53164027
61052374
56271034
65231740
42351670
56340127
10674352
23104657
45136072
31057462
70453126
70541632
10527346
37452610
76503214
03457216
42107563
27354610
13706254
23147065
17650234
16234570
21056743
31420675
07513642
21576034
51463207
61570243
47561032
74126350
73651240
56107432
21374560
06531247
23047156
20356417
25416037
37206541
03162574
34650721
65217340
10573462
10547362
56324107
74316250
62340571
25631704
25317064
40523716
62375104
43152706
15247360
27643015
26450173
73064512
70512364
67432510
23765401
35247061
03147256
53176420
12654370
04317265
12576403
63507241
52047613
14352076
21457360
52367041
40167523
31527604
56214073
27463510
70641253
62145073
45137026
16347520
05132746
17402365
25463071
35714026
73210654
06425371
12056437
76534210
53640172
32460157
73062415
54631027
16452730
47601532
65317420
42601357
53640217
40635127
62375041
13647025
23160574
47361052
15463702
63270145
14652730
01743256
10436275
50746132
42615307
56714320
70564312
01352746
72310546
72140356
23106457
30126547
05427613
21605473
73501624
45261037
54730216
37216450
72563401
03271546
56043127
46251730
03652174
76250341
24610357
21304567
15730426
53076142
52647130
23610745
51062473
23105647
30461752
25601743
32615407
31475026
47362510
36102475
12504673
02751364
05241637
52670431
62345071
60317245
63520714
05126473
65107243
13247065
54702613
20614357
12076354
43170562
51736204
57201634
42031657
17206543
16327054
76503241
21540736
05714362
67234510
54263071
21467053
02751643
43156702
23041657
43126750
76543102
06457123
72130456
01475236
54023671
65074312
30641275
47163205
64302715
13465072
47310256
13056472
32061754
01762453
26354017
70134625
04237561
32147605
04153726
37016542
06152374
12365470
26753041
27354106
34652710
75324610
76250314
27501634
30452617
72413560
26705143
61742035
53607214
34251670
52640371
57230641
42163507
15023467
12736405
62140375
26157430
27436150
54763102
10243756
75236401
10642375
20345671
24703156
64201375
26543071
52746301
25706134
52740316
20436157
20345716
32017456
63271045
16032574
17523064
52103764
53460217
60325471
31562407
54620713
50347126
30216475
06417235
30572614
07435216
47305216
62701354
04561732
63751042
45370126
26145073
16075423
32015674
41253760
64703125
56703412
21735064
17326450
32405617
15670234
65230471
20534671
32571640
02746531
13560472
30541672
04532167
03457126
43702165
30426751
24350176
73124560
05432716
26574301
45102367
37154206
13652740
74523016
01746253
30425167
02746351
04156372
64573012
13540672
46273501
45327160
24560371
64532107
01264375
67215304
73201645
67204513
75236401
54713260
53146702
10435267
52341760
60352471
57163402
10542367
40652713
53761240
05271436
74026315
13245670
21370654
57413026
62305471
46750123
71436025
21745603
07254361
10234657
10762543
54032617
57460231
23674150
56174320
23541607
15420367
72031654
70415362
63712054
16527043
63071245
51302467
23614507
42503167
04537621
10625734
26435710
21645073
70613524
20431576
10673254
17524063
37521604
42567103
57204316
03415627
74610523
34056712
12605347
74130652
46012537
17506432
65137024
13576024
47056123
64207531
50271643
70341652
56702134
17562304
24376501
64170253
01547263
20731645
71243650
70325641
05712346
14307526
45601723
42136705
67231450
31750426
01275463
24601735
60314725
26713450
03426175
36045712
07342516
14675032
34120765
61572034
57316024
24371056
05724136
45762103
65473210
35470216
16045237
23147560
06745213
16374250
01756324
46321705
13526074
40512637
26571340
14036752
56420317
26415073
23640175
20536174
04726135
34102675
47621530
64750132
56710243
02761435
57431062
27435610
14756230
57410236
65043271
50634271
43170625
25736140
37451062
26074153
41720653
23074615
26375014
01745236
61257304
13075264
65304217
42351670
05742316
13067425
27536104
06475321
23015647
52364710
10325764
04216753
32154760
45107362
13470526
65132074
45063172
51763420
05142376
72346150
15376204
26305741
74210563
20376514
57623014
21457603
50712634
42305761
61503724
62041357
70342156
32054617
16723045
75420163
63715024
12670354
30625741
02643175
67452031
20345176
75360412
52640317
57642031
67541302
45713602
20647153
52041637
12706345
04123756
54716302
62137504
24715603
34762105
04712563
32564170
27513046
01573642
24361570
43752106
57461302
47625301
56420173
57236401
25064317
31472506
01657243
35062471
45163720
36417052
03546127
12540673
63701245
15734602
35420176
61730452
61350742
35174620
15734026
17246503
05216374
23641507
56230417
25176340
43056172
36415270
02453671
21375604
23715604
31602547
72641035
35601274
73154602
10365247
71562430
71462350
76023541
21063754
57032641
40625173
34210657
23157064
10752463
62750431
51346207
15037246
13076524
52430716
24370615
65724301
37624150
56740321
71520463
43167502
76320451
02765341
75136204
04617352
02341765
75346021
04516723
23650741
30641257
50476312
73140265
64201735
51420673
13654720
20453716
16435702
60714532
07263514
03425176
10236475
61024357
57340621
32156407
10642357
32107654
12653740
31275406
50634172
75360421
37416052
70231465
07251346
07216354
52340716
13420756
17046352
65740312
46275130
14752036
35617204
56271403
30754126
47052613
70142653
41735602
60512734
52617043
64510723
41502673
24350716
31562470
63715024
47035261
56237041
52307461
35742610
05742136
43052176
62310547
10265374
36072541
46513270
53416702
17263045
32164705
15204376
35046712
53270164
36241750
37204615
42305671
64713502
43126705
07316524
07425316
47602513
35042716
04253167
73256401
27014356
10273546
41762503
72365401
40651273
51246703
17064325
23470165
32760154
16724035
14356270
50176234
71634025
62174035
07436125
42630751
71653204
67435201
13205647
31065427
52647031
41206537
21405673
02157634
06324571
53412706
50372146
32465071
27451630
16230475
75306124
45617230
20741635
46250371
64301275
14075326
20734615
04753216
07216354
10263457
53067214
37152460
46137025
15076243
74061253
02354176
74560321
17623054
15624703
14256073
43267015
30725614
74305261
24601735
37015246
72461305
72640531
14637052
23745610
56341702
07423651
30621754
32156074
26504173
27453160
51043276
24765310
03251467
27064531
07356142
50732641
07653142
37506241
34670251
42563710
20463571
61257403
14326507
62730154
23710645
51026734
75632401
10523674
43210657
13725406
72560431
60374521
43712605
63105247
24073561
26540371
75640132
25167430
06152473
06354721
23107564
42561703
56713240
63145027
71236540
10762345
01342675
34520176
05671342
12036475
21603457
56240173
14562307
60541237
63502714
03647215
50417623
05342617
56372041
21543076
54721063
54230761
72043615
32075461
05641273
10632574
05647132
75460231
12365704
72041365
27463105
14506723
37524601
01257634
32465107
10436725
52107436
47205136
31074526
53046712
16523047
32417560
14035726
65371024
02416753
61750432
56230417
21705346
26405371
52647031
45062731
03146527
30145672
13250647
43026157
32476501
70315246
13027645
53617024
10362547
71540236
63740251
12506374
12574360
72653401
47023156
46302175
31625704
53417620
43062751
47256103
30521476
50342617
72614305
57621340
07643215
23760154
52061473
36714502
23046751
37524601
53741620
61573042
64713205
63572041
74125603
60374215
21407563
47563012
01456372
51406732
51320764
16407235
41350726
20175346
51402763
37421065
43260571
43712560
47261305
36142075
64507213
06325741
47051263
25340167
01573642
42063157
26547031
54163702
72301456
07153264
26314075
03416257
36754201
40372651
53426710
10367245
32541670
16243507
62157034
16523047
05643217
05132746
31705246
53026471
50126374
51067243
25307461
51072346
53421067
71305426
43017265
20574361
67301542
23567041
75034216
14526073
35270416
07246135
27314506
15376420
34027516
61357042
42107365
21350476
40321765
50267341
12047536
61257304
32754106
67235140
32574160
20456713
57640213
17250463
27340615
36415072
13260754
01653472
26534170
16473250
26013475
35214076
56041732
35471206
21650473
15426307
70352164
51432067
15067243
62534017
23671450
30261745
62130574
35107624
62037145
45106372
72043615
52310764
56713042
23156047
42501637
34520176
24756103
75430621
41067325
36015742
54326701
10536274
61750324
53740612
47621053
30256741
06543172
34675012
34251760
71063425
36147025
36150247
64752031
17506234
01256437
03465127
14053672
37015642
74105236
64321570
14726530
45102637
31506247
12640357
21675034
65142370
74350261
02457163
02713564
17065243
34705261
31476025
30716254
03724651
70623145
14753260
26435107
46572031
72153604
73015624
10572346
04617352
65273410
06372145
70523641
34672150
24173650
40623175
64512037
67125403
42560731
54267031
03214576
15762403
24567310
67435012
60574231
41675230
12635470
45361207
01352647
70512634
72501436
61450372
51764230
24560137
37142650
67203451
17426305
64327150
54321607
14072635
31427605
50462713
12657403
01326574
75103624
01746253
37645201
72364501
47325601
34512067
46751203
65042713
43651027
14327650
01254673
54721063
04572316
71034625
32647150
15602374
43761502
07341625
60743125
65372140
46173052
30451726
36425170
35621074
32061574
43052617
02657413
10564237
72354061
01634527
34271065
06273514
13052467
01356472
03562147
15640723
01456327
62154730
62140735
47025163
36501274
32405176
46031275
63172054
42076351
04361257
14035672
50263714
20465173
04231675
35740162
04321567
23570614
30471652
04731562
40572163
03614275
45067321
32547106
76302514
02517643
14752630
56341207
45206317
43572610
57230146
56704132
23640175
16230574
40263715
62045173
37216054
24107653
41052637
03512674
04156273
07265341
34126507
10534726
25741036
72305146
40321756
72540613
75360421
47630215
14320675
25603174
35642170
27301645
72640153
34256107
43756210
13407625
42706153
32560714
40162753
36702145
57062431
05647231
64170325
43562017
34156207
31267405
01357246
13427506
27354610
53701624
12436075
75603412
76205134
43756021
56123740
24106573
47265310
21507346
73065142
20137546
24103756
01253746
15024637
10254763
36054127
74013625
54301627
21406573
63712504
23501674
45132760
60324751
45672310
41537206
46751302
02316475
32715406
23056714
06357142
64732105
47016532
32165740
07523461
40765321
13056247
30541276
34120756
57143620
52701436
40512763
67130425
72106453
32601754
13460275
51274036
52714063
25067413
73462501
13706254
63142075
34571026
24360571
72063541
76421530
03246517
03412567
06543172
03542176
43206517
21305476
57021364
17435206
64750213
54173062
72354106
26035174
73410265
64503127
56347021
16547302
05641723
16340257
74503621
46523170
04561723
51427603
07324615
03215476
43017562
75146230
71320564
02416375
56721304
43175602
12350746
21450736
76315024
14052673
24603571
42035716
25064137
36052174
30471256
23401657
21340576
46053721
16245073
37462051
04756132
07614532
36071245
57632041
74315602
32647510
23716405
74352061
72641053
73246150
13527604
27543610
21540763
65431207
45026731
06741325
35021674
46231507
61703524
36541072
14205673
37640251
25637410
62345107
24135670
50316274
32147605
71465032
35740612
31745062
30745621
14275306
65420371
03746125
13547602
26543071
01675432
30472615
36215407
23561470
71204635
70451326
16304752
21346570
73502641
04617325
50416723
42301675
64032715
05216374
17632450
51702346
67312405
16304527
70624513
31604752
46307125
23576140
21456037
16524073
53701426
63021475
16475032
32641750
13270456
60173254
74150623
04352176
15260374
12537640
27403516
31504672
71526430
36751024
26173405
52140637
01276453
46231570
10365472
40135276
24376501
12503467
24351670
07325641
31450627
32740615
21053764
10354762
43172506
30152764
50146723
06543172
01632457
26531407
06351427
01235674
06531742
24036715
23145670
35420176
65130742
30714256
37156024
47513026
14537602
70246351
65072143
43275061
05723461
12430765
05164723
40317652
74265031
03251746
17205643
32754160
53621740
35127460
75203641
12465037
01342765
56307412
31427506
47613205
46572031
40736512
34520176
45173026
34761520
45217630
26054317
15340672
23465170
57632401
54627310
30175246
51726043
70364125
40723615
42631507
16734520
02576314
54763102
57163402
27456013
51620743
15623740
05371246
32154607
24057163
43106527
23054617
24375610
62571403
30741652
56134720
41702356
62170543
24615730
03521674
46715032
21375406
30752641
23706145
53164720
07564132
62730415
30715246
02641735
24610357
25647013
32074651
20361547
20753416
13605247
03427561
21576043
47130625
05243167
16074235
67324051
53126470
12673504
65473201
56037412
14073562
73210456
71502634
25467301
72305164
72453106
17023456
40736251
10546372
05346217
45201673
45312706
06243175
34016275
06475132
01357462
02534761
32417605
57306421
02147365
02564713
62475013
45726310
04725631
34175620
16245037
74562013
32067154
74621503
46201735
41357602
30562174
26047135
27354610
15230476
60752413
53106427
12437065
20514637
71426305
63241057
64532107
13256470
04367521
51247360
64307125
40213576
10542637
62345170
01742563
23076145
07461523
40637215
46032715
03526471
46735102
52017463
45617203
30526174
34062517
23746051
42157063
06215437
20453167
46207351
43260157
13260754
50423617
35712640
13602457
24753061
51724036
03174652
74365210
03721465
51203467
14527036
14206753
26175430
16237045
20476153
25471036
31740625
21046357
20436517
20564173
72504163
61704325
10432576
23514760
32156704
24607135
47025631
05671324
36145072
56310724
13402576
42163075
46302751
21075643
10365742
42053176
04275316
24056713
57634120
75340261
67321504
56021734
13257046
31702546
71456320
32417506
54270136
47612035
62405317
35167024
64570213
40316257
27045361
16540327
20316475
56407321
43165270
34256170
23506471
45207163
24057361
67305142
76054231
45716320
71326450
36017254
34275061
25763140
26715034
27516034
04167325
02316547
12743056
52601374
42506173
60724513
14037652
75132604
03256714
54170236
10572634
36501247
37204165
71026543
52714360
01574263
07532641
23570641
47652013
50763421
70165423
42561073
03175246
35042671
04312756
61752043
32746501
30751642
42635701
03627145
45367012
06732541
63541720
06345217
60573214
45023761
47516023
15672340
36517402
34725061
76210534
30671425
54036712
43015627
46075231
47361250
63745021
04732651
17354620
71205643
14305276
41673250
53601247
15376042
75314062
74532601
75613420
42361507
45631270
42650371
73240156
43761052
01475263
16307254
45016723
15032476
47053612
04675123
52736140
50217463
10627453
67054213
35067124
05342671
64573120
73506214
17532604
26157403
03745621
02473561
37426105
05742136
75432610
42671503
27531604
61520347
06142537
45306712
71043256
05743612
02176534
16035742
16472503
52603174
21634570
37154026
53724016
64352017
42170653
16435072
07463251
26031754
71523604
36024571
01742563
47125603
01567432
62750413
54602713
43561027
54710326
76510324
17536204
41537602
13527064
42531670
45201736
34107526
42615370
37452106
03451627
23607415
70163542
40153276
37152406
04235671
54236710
13562074
17524306
43760521
12534067
60547123
21307564
54203671
20314765
23546071
53476102
20341576
04752316
06523174
15630472
45032176
20435671
13760524
34570162
32657041
63542017
65420173
71632504
75621430
21674530
17245306
17450632
64710352
21307465
75064213
17562043
73154260
51376240
15764320
01635274
07345162
31042576
53017462
61402375
20346715
17645230
23106745
32067145
26147053
31425076
40125367
76420135
71023564
07321645
04523716
24315076
71043265
16425073
17236540
46571023
16053742
53401627
47652103
21463750
47352016
14275630
24617530
32615470
27564301
74063251
37045216
50261437
35467102
37452610
07523461
15740236
17024356
10452763
52364170
04637251
64310275
71324056
23457160
70132564
72564301
71350642
01736425
20136547
45276310
40231675
47036125
32504167
17305624
41325706
25417306
24513706
32064517
15326074
43715620
12734065
35460721
67251403
72016534
35672140
54103627
07642153
53260147
02716354
43612057
71360245
45207613
15423670
73024516
42376510
34215076
12563704
10453672
12306754
02346157
16524073
34721506
63512740
15472360
17462503
53067214
65427301
25134670
46571023
76420135
67315420
24605317
43105672
05314762
47350216
43571062
24750136
20417536
65740132
61047325
56342170
12465307
16057423
65431027
57342106
52371064
27560314
46235017
71536042
15034726
26715034
23074516
67345102
57460132
70236451
31245607
25701643
30524167
10547263
23067145
37401625
14372065
17534620
21704563
73056142
50672143
46302157
10546723
27634150
51720346
32760154
01245367
50167234
10764325
17326045
63140527
42731605
24703561
14720356
34125760
62345701
14035672
56317402
56172340
24317650
21430567
57240613
07352461
05346271
50342671
35042671
45126307
70413652
04523761
52413760
41365027
17024365
42367150
05367142
32546017
32017645
57024613
15206437
17425063
63014752
72306145
04251376
63150472
30421675
74610532
07426135
13564702
30627154
62157340
73250614
43162075
31625470
36502741
40371256
10754362
47326015
43605721
31475206
12304567
71054623
70531642
47351206
03452617
35641702
07351246
41765320
03465172
61437025
25736014
56314027
64172530
02753146
72053614
67503241
01365472
53417620
13540267
36504217
17645230
17420635
74206351
35426701
64532710
27645103
06325471
32607415
24637501
14325706
43072156
24371056
30571642
21537046
43520617
15346702
57201643
61324507
30742651
23507416
53642107
24150736
37420561
36152047
03762514
15306274
16027354
35247061
56472310
34275601
25076143
50743261
75432610
47126350
74613502
23167054
12637054
42067315
42531706
42071356
15023674
74560123
23754061
13754026
15743260
20175634
50461273
64230175
30567124
13064257
41253760
06174325
45163702
31625470
23076415
03627451
14275306
52304716
34027615
35276401
12354076
16572304
57246031
72436501
04267513
20735461
31074652
54721063
30561427
21754630
71206534
20157463
53067241
06542137
36420715
34172560
35167024
61253704
15406237
04213756
65270413
03627541
45621073
73012645
75260143
27106534
15320647
13702456
25630471
16047235
51023764
52014367
23401765
04712356
53617204
13456207
12305764
56120743
51320764
60521473
14352706
17045326
62047351
56327014
15407326
76120345
65401273
20645371
23751604
64075123
36470251
02356714
35712064
76521340
71625043
21576034
52437061
03425167
13624750
35614270
64523710
02376154
57164203
10374526
62175340
47102356
56372140
27541063
42170653
16507234
60457213
67132504
43720561
41735620
20743615
73620514
40651273
21046375
60125374
57632401
36025174
51347620
41205673
06312475
23017564
42631750
07326415
14602573
62037145
53672041
12346750
57240316
05321647
10243567
31764025
54706231
06327154
07654123
01625734
61730542
21605743
30641752
10637524
14250736
47650312
10756243
42376150
67250341
45713026
40531762
54031627
14503672
03521647
32415607
74321650
61753042
12063574
71624035
17346205
56074132
23601475
14072653
54267310
23407615
02673451
54367102
42715036
10635742
30452176
75236041
26041753
50726143
21635470
20435716
14326075
56014327
40671235
02657413
05623471
12460375
47536201
14306275
15304726
72406153
46710532
25416703
67523410
21347065
12650473
20463175
13764025
71465302
51362470
46507312
27630145
35476021
32476150
42063751
74520631
20431675
24653170
42037651
01345276
37506412
23017465
45716023
75210346
15602473
37602145
74530261
50471623
03475261
20317564
25341067
43207561
17320564
40167352
26517304
51702634
76325410
56341702
16073245
16234570
02356471
67012435
42136507
03164257
52367401
12047356
14367025
40573126
25410673
46732501
02357146
03246517
34105726
52731064
30246571
46315702
72341650
32154067
32670451
65713042
57630214
56072143
67215403
51743026
34206571
14563027
76253410
12504367
12640357
10643572
21436705
10542673
16207543
32075461
67513024
23750146
20436715
75310462
54130762
06174235
32601475
13276045
01274653
43157206
57206413
17302654
34107625
32547610
62075143
36742015
62405371
43051762
31607524
03567142
75604132
21730546
34561702
26350471
73104265
32450761
23574106
57410236
62145703
73640251
03641257
37065214
47615203
15073642
62017435
36512704
27051463
35210467
56410732
06145327
53027641
10426375
03624571
45361702
40351726
07512643
02451376
50316742
75430162
57401632
23457160
46310257
42156703
37062145
54723061
21754036
01543762
10265347
64205713
36740125
40735126
52637140
60537214
12564073
35621740
41752036
42135076
07312645
46725103
43157206
56214037
61357042
45621073
07516423
41763250
51647302
70614532
17256430
03421756
20615473
50371426
41075236
30142756
51362470
16403275
63450127
73162450
03642157
27631450
75036142
52740316
14352076
63015472
52046137
31604527
41362570
32451607
74013625
53720416
01673542
43625710
14350267
03675142
76510243
06352471
10345726
30542167
61745023
74602153
12643075
10423576
23716405
53620471
61425703
62074531
41027653
04651372
41325706
60245713
02457361
57103264
36142057
43160275
56204137
45321670
02716435
35021647
70324615
26013475
12730564
13420576
51742630
60473512
34152670
05436172
13540627
26701435
04571632
21504673
62407513
14237506
51467320
51674320
17653204
74236510
21453067
10752634
20734651
04632175
31576024
43106725
13674025
60712354
30741265
16540372
50634127
57412036
13726045
52061473
56304271
02743561
34710652
53274601
51076324
65401372
25740631
57062143
57241603
51603247
01367245
73265140
51276430
37051624
51627304
41302567
20316574
27341650
63507142
76135204
74365120
41367502
14253670
45271306
47326501
27015436
27540631
46310275
05723614
13674025
34756201
24103675
24051367
53704261
10726354
12640537
51072436
12730546
06213475
17524360
27465310
02513467
23457016
02374516
54132067
70213654
73126045
13456027
73152406
73604521
42531670
43167025
32406751
61354720
65014327
71206543
73612054
43601275
42561370
45713260
30246751
72346150
53746201
21430657
12356074
12435076
54671032
24675301
56314720
65147320
17402635
30541267
10426753
70315624
20134675
26701435
53742160
40735126
14320756
01345672
20654317
52736401
15273046
60721453
72460135
41637502
03674125
14270536
37246105
63047251
07645213
54217306
37562014
12305746
16734520
16342570
21435670
32475016
71560423
06745213
01237654
43170265
64520317
25347106
02543617
26417530
40532617
56407312
15367420
43517602
20156374
74602315
30257416
02453671
05162734
04713652
06213457
30472651
15042367
06543721
72136054
20147653
05361247
23045716
65213047
53706412
27401653
36502174
06157243
64702531
62354017
47156203
31765240
75236410
52640731
60145237
54126730
13425076
72153064
70643125
24137065
13704526
76435201
43072651
72435016
36407215
23405671
24536701
74561023
40125637
72605341
31702654
43251076
70654123
40537621
43261057
57301624
27340615
01265347
36412570
35416270
35476120
24351076
25146073
13420657
76540231
34526071
57042361
06415327
65032174
03567142
63012574
07165243
24670153
16423750
72045316
17024563
54073162
25307164
30146572
34210675
15742630
46053172
73145602
31576420
71540236
04571362
71435602
30576142
32147560
25370461
23170456
27306154
51702643
20365714
47125306
41502376
23157064
46257130
27630154
14237560
30427561
63174520
30461275
73016425
72154306
31045672
41650273
56321407
54210673
36527410
13054726
02753641
24365017
45760213
14305276
34506271
13540627
36401752
01542673
51642730
25470163
72531604
23764105
20764513
45632017
26347051
13527046
76204351
72156034
24063517
17354602
61325074
67312054
02536147
14235670
17532046
25317046
56027134
03167245
24056173
23147506
42315706
34750126
56023417
25631704
71652034
13507462
46172035
21704635
52136470
12054763
65372104
06714532
74301562
54027316
76312450
03572146
53417026
20514673
15476032
35417026
52164307
27640135
57432016
03426715
52401367
50463217
64531207
46320517
15073462
30742651
10764532
71265043
34107265
32647015
62405317
70463125
14306275
25736014
17643025
42376105
43216507
73024156
54216037
32701654
63205741
56317402
47210536
32701654
14206753
31746520
30416725
64730512
70361542
23714506
62504731
23140765
41307562
73125604
24370651
41253706
41350627
36415720
64570321
12637450
13657420
35206741
12036457
36254107
52173064
01543267
74615032
13472506
24651370
07142356
15460327
72301456
24160753
43621057
43501726
53016724
31402576
42035671
42075136
53620174
27560341
27305146
01536274
25471306
57614320
52406137
06327514
54376120
13762405
24305761
62470315
75041623
75610234
03652741
76230415
71435260
37602451
21653704
64571032
60231457
75261340
01543672
27405613
70561324
02143675
31576042
56401327
61025473
23706145
63275401
40735612
25130674
57042136
14056372
41607235
65140723
42671305
53624710
53017624
25174603
42130567
12405673
35461720
63571420
12473605
37256140
12405367
23147056
67350421
43056712
21057346
24360157
01235764
23017654
51703624
05361247
42306517
31520674
14370625
62340751
60423751
07236154
20453176
30261574
72160345
52034617
56142073
20374651
27460315
57103426
76253014
03471265
36740251
02145673
75436120
43061725
62431750
17036542
23076415
35642701
41302657
03145672
65173024
52134607
06245137
40357621
36025741
51064372
32470651
24705361
06327145
12653470
40632517
40653721
30175246
03526471
61542037
47230561
62415730
20157643
70536421
56123407
46015273
65142703
73104265
25346170
42175360
25314607
74051263
42037561
34205167
20564371
16045237
10365274
52136047
60354721
54316072
63142750
13470265
56017324
37120645
26341075
72065314
64725013
12356407
30145672
35701642
37215064
06317524
37256041
20541376
63710542
10347526
63741025
74305621
72645130
12657034
67534120
13457026
31642570
30265417
25140367
54136027
75632041
20143675
32760145
63517420
14263570
05236417
73615240
15372604
60143275
32075461
53026417
06143572
63241507
50723614
36705412
36417520
62435107
23140765
76152430
53760421
20476315
52103467
73015624
23460571
35246071
34657210
27465310
64513702
42061753
37640152
01653427
06354217
21630457
71406325
36452071
63102754
05762413
12365047
63524710
25671403
32160754
47261503
76235410
01364725
64251703
14067253
23405671
75360421
52617430
34152067
51342076
17350426
26514370
20574361
01356274
57243061
42315076
54307162
15364702
13756420
75631024
40736251
24173065
65240713
03762154
42153670
35642701
71024536
16042573
75623104
72345160
53260471
57041236
75362140
12654037
72640153
51603742
27106543
16730542
24637015
01546273
53420617
40172635
05632174
21475630
10635472
42310657
27460135
20651437
56437012
57264031
17625034
06275134
76520431
03265471
25714630
50321647
32604571
42106375
46375102
30712546
03521476
52317460
04652173
65413270
61275034
03126547
30421756
65041327
14527630
52640137
51467023
46523710
15346702
10342756
24365017
24015673
17365042
52301674
26147053
35740621
02764531
56723014
21470536
14375062
40375126
16305724
63125704
41276053
13476205
17605243
06425713
14536207
45126037
74205163
50321746
24175036
20345671
12756403
26053147
30256471
14256307
52174360
63724015
70264135
26071354
01652734
13657420
56437210
15402673
74561023
74520631
41062573
46527301
67452310
51436702
17350246
47316250
43526701
40713562
07324651
75160324
60542137
17320645
15360427
05243761
13506274
10345762
16054273
34216570
64207351
23756041
12356407
50413726
65073214
34560127
64725013
61540273
25310746
60234715
17054623
60534721
73461205
24357160
10256734
37164025
40371265
40721536
45063172
07653412
13250674
37045162
73016524
01256743
42067351
01436725
52736401
46352071
71532046
73246015
70132654
60354127
71530624
05463127
72036451
57461302
26713405
14752360
30426715
74301256
34126705
56712430
15743026
04153627
16073245
40573612
72150643
13042765
52307614
64205371
51762403
21067534
71540326
60741532
35407612
51026734
47532601
23645071
51073264
40356127
54210376
76134520
51024367
32160754
10624735
24537016
16052437
05631274
12654730
27640135
36475120
41205763
62415073
17320564
54210673
15203476
51024376
24630517
14536207
17620435
12436507
61473025
34162705
42307651
74610352
40617235
73065241
31624075
13460527
46103725
30156742
53061427
06417352
52346107
14375026
74302165
14657302
40162375
05327461
34527061
75120463
14253706
35264710
21405763
52467301
03572641
60145723
32657104
32564107
03641527
05142673
64231057
30624175
50617342
20475361
40153276
23176045
64517023
52043617
73150624
57340126
21467503
20416735
13470625
52643071
46157203
10423756
31562704
50613742
14706253
75640312
73145602
43205716
31645720
20476135
27431560
75041623
36017524
63510742
12503647
40275613
54263710
41376502
50247316
43051276
73214056
41603527
45063271
35704126
35016274
24706351
42601357
30456172
60531724
54063271
74530612
12760453
62043571
04762531
31245067
37462015
76245310
15674320
34207165
03472561
31276045
52716304
05721463
27635410
35267041
73025164
30561724
34270615
63051472
32075641
35412706
74206351
06423517
15320647
40175623
21750643
30724615
35176204
37246501
76351204
04561732
06157432
53741206
47360152
51024763
46235701
70315642
17453026
13407625
03471526
17306452
26013754
42315607
40276315
05423761
01247653
23765140
23415670
05426317
45716230
24765130
43126075
25610374
36721054
30745612
42053671
01635247
42703561
04156273
74352601
47152630
57364102
06321475
14320576
54713206
60745123
50721436
65401273
26471305
72103645
71630452
14073562
32576410
75240631
10273546
43725601
61702435
14675203
46035172
74615023
37602154
17405236
23764150
52701634
06751243
01647325
64315702
27405361
73061452
76031254
23157604
15703426
32615470
14326705
26351704
30125476
35764201
35014672
76205431
20543761
27641035
02341675
34602175
53647012
37165420
25701634
47236510
30715246
61073425
51372406
37016452
23476150
70265431
41235670
43725016
23567140
62347501
21654073
20561734
35106724
35204167
73124650
42570316
03542176
57612304
26754031
04617352
36015724
64370215
10357624
70413652
63540712
76451230
14537026
73021546
06473125
17462035
36071425
10753426
41067532
04236157
76215403
12570364
40732651
73524160
30541672
62145073
50163472
34215670
15420376
15632470
73456120
34215076
04265371
36017245
12405673
13407265
24173650
46351720
35241076
35402716
42657013
24631057
60457123
41235706
24703561
37062154
31062754
26013574
12674053
10453672
15034276
16354027
27513046
13750246
02153764
25374610
75014623
04135267
05623741
12756340
27546103
21547603
32567140
65024317
30267451
27530416
63074215
61234075
24105637
25473061
47106325
10274635
35640217
01745632
26053471
07436512
32451607
61704253
13752046
06735412
16537204
17632450
03425167
62053741
13275604
32715604
45176023
14250673
02453716
05461732
56703142
20367451
62347015
21375046
25160347
31254706
26740135
67152034
30675214
17463205
32140756
46053721
15762403
31524706
46371052
12346570
14026753
63105724
72641053
37061524
46015723
42107563
62705341
43651720
60357412
73102654
32540671
27306154
75612304
14026357
57301264
70156423
07365124
52367104
46517320
35467021
76453102
06714532
02763514
12067453
50726413
61354270
64125307
72403516
51264370
31640572
62357104
21507346
46257013
32407165
05374612
25037461
61327054
07326541
62043157
63710425
27650134
71253460
46125703
53641027
46217503
07456312
42170653
26315407
16427305
27354061
37645120
35467102
30172465
62503147
20175643
60523714
13726045
67405321
16570432
31647502
41276530
20417356
73145206
47351602
70635142
65041723
13456027
63172405
41075326
13467025
53460721
74013265
14572603
31275460
02346175
36104527
46371025
07653124
67023154
30754162
02176534
26315074
05347162
31264057
02547631
16472305
03217564
03641527
47065213
64532017
03267451
41753602
63145270
35607241
70514263
27341650
54671032
04536271
17420653
46735120
70635214
54230716
30516472
30652471
15372064
24076135
50736241
60714523
01352674
25340716
50417263
01672534
01275643
74512036
25761304
10476532
43216570
60231547
01547236
32054671
73420615
74653012
75304261
27543601
43250761
30174562
61473025
42351670
15642307
05216734
52713604
32470165
16273054
60741235
32475061
10572643
43501762
07254316
41507623
71654203
13725064
35072146
10752643
45621037
06572413
34257601
74361025
05246317
54062713
23165704
60135724
14230657
21035674
07165243
64235170
14023675
40351762
07516324
12046375
23046175
30764215
36105274
25417360
65701243
32760145
25301674
07326541
65427013
15342607
35472160
15342706
37402615
02741365
31725406
35614027
35470216
26573041
73145260
67325401
72146305
62501473
27641530
64371025
50342167
06345217
12053746
32467105
52041763
54617302
30145726
40356217
71062543
06543217
54726031
16530724
31042756
13270465
72103645
32517046
45630172
46350172
12374056
20145763
24507163
17305642
37526041
13402765
51307462
64217035
41305726
04532167
03762145
13605472
07352164
42765310
24701563
34107562
71364025
40761532
01564372
53061274
13026574
16537204
27561340
36427051
24516037
61572403
30614572
20143765
13574206
20617453
25146073
52301467
54763210
30147256
31240576
05672134
53670412
20156734
43076152
31605472
72014653
65174230
05432671
16247053
72561034
02346571
05346712
67410523
12546307
41607253
16357402
31645027
52140376
24560137
06341725
35124076
30725164
72063451
50341762
26143507
21563740
30256147
73452016
30617245
50247316
65324701
51673402
24130576
25073461
70415632
25163407
36742105
15706324
14325067
13206745
71603245
42750361
67310254
12340567
57623410
72546031
10467253
07146352
23567104
24765031
42051673
15074632
45261307
13462057
20315467
13754062
24573610
05716432
17052634
63541720
67130254
47601523
16734025
63052714
13025674
36054172
72543160
41073625
13764052
26473501
35740621
51460723
51204673
23541067
21305476
32704165
34520671
37046125
01745632
64015723
13265407
45203716
43521760
62013745
31756042
51046237
13452706
05472136
42053716
60432571
01352746
62701435
27046531
50172346
05471623
75420163
23501467
46527130
30725641
04251736
32501476
32761504
25071634
02376145
21346057
73216405
10345672
04715236
50246173
30276514
01574362
41325607
34602751
30427561
70462315
20541367
36127045
46702351
71352406
06215437
15702463
47265310
04516732
46273015
02465371
70425361
01427635
13765042
03614572
05412637
05346721
42751630
03615274
43256710
17564032
24037516
37641052
14367205
65341270
27415630
76453201
54201367
06172354
24370165
61274035
42756130
12734650
73465120
50764231
70324651
54617320
07654213
50476132
17206435
26074531
01436275
15436702
02543671
65412037
30547162
54120376
52314076
73450162
57102643
16024357
10256473
36250714
71430526
21367450
41520763
57310246
73254016
53641720
15640372
16305724
36507421
36721045
53074126
35147026
43165207
26014537
42756031
01245673
62573410
36502471
61304527
36142570
15304627
31750624
60134275
71435206
24510763
20463571
01735246
76502413
53126470
72453061
17402653
46705213
02641753
64517320
15402736
47630521
12540376
34506712
74631205
13657240
74316205
16024375
15670234
47310526
02173546
41365072
10732654
07235164
45162370
17304562
30547162
67521043
06315472
47356012
41065372
03124756
70231465
25716403
26037514
21475360
36074125
24371056
73140625
30164275
64507312
35216704
12657043
54023716
01237645
12704356
37625104
20154376
20457163
62450173
57623140
53162740
17402635
50712346
46372510
76512430
21406753
26315047
75316420
15072634
67502143
24537160
23107654
52460713
73641205
51046273
54376102
20476315
15236704
13540627
71362540
71406352
42306751
14630527
14653207
06273154
10457623
23405176
51032647
05674312
50346217
10752346
34257016
50346217
70514362
15043627
21546730
72453106
51340627
46071325
21375604
67013254
64712503
27301465
20456173
03674125
36475012
25107463
30214756
13420657
12036745
10375426
15763402
43650127
05342176
62351407
23150467
13026754
20517643
37450216
23471605
17402635
12476053
10573264
70641235
13560472
37164025
23756410
50124376
40275613
24537016
25670134
07365214
17046352
16247035
24657301
51042736
13046725
76421350
31204756
46237015
47356012
13247056
72516043
30417256
47062153
25107346
56473102
76513420
32740651
63152740
04275631
67542103
51207364
36710524
43021576
12754360
04135276
75234160
43765210
73421605
14267053
35401672
26340751
24360517
45017362
61437205
43150627
36471052
31067452
34652710
65704312
75361240
21546307
37051246
01346572
30215476
64751023
37245610
23015674
75342016
52130467
34510672
10375624
04251637
51274036
04571632
15463720
71643520
07315642
21437506
30251764
26351740
30147265
26705413
13467205
10375462
63147205
50476123
64315702
61354207
60745231
14536027
41365270
52103467
40321657
61370524
67132405
03765214
06234157
26147305
03147625
02316745
21407635
42063175
35042176
34512076
61247503
16437025
62105347
31250746
70432516
25367041
71543602
43762015
40715362
10452637
40571623
40276513
35640712
06325741
60431752
14637052
12376054
10527463
36574210
13602754
01452736
45173026
02534761
32015746
52641730
20146735
26035174
05712634
26514730
21307645
27354016
14650273
21045736
21036754
34256071
34126705
10573624
20136475
57130642
65704123
51724063
46307521
17405632
20157364
26370415
05617324
53164072
42170653
30147652
12546307
07432156
61254703
64750123
32450617
65340217
60357214
10673524
43127650
05437261
42706135
06745213
01726543
16402573
32064157
72016435
13620745
05173246
60531742
75063241
75632140
01543672
73014652
74652301
76231450
52736104
31406275
15306247
12367450
54260371
13065724
15264730
32501746
02547613
14032657
24071635
27430651
23150746
35714206
51426037
45206371
01574263
12674035
40712653
36025714
74532016
35720416
23147650
54173620
70356214
74610235
20436157
61375420
41056237
53061472
64257130
16027453
32106475
32017456
30745612
71253640
16573024
04213576
15264037
52476013
50473162
16372054
65423107
57214603
63450127
57402136
25714360
64713052
24103657
34061572
21743065
15276043
57430612
07314562
26075341
45361072
16735042
52341076
60251734
71436502
12074563
27160354
10352467
63720541
17364250
47302156
32576410
56370241
16320547
26105743
52163074
13604527
70641325
13027645
52470631
62375401
37051462
16204573
32405671
04165237
20714635
56301247
65721043
20564731
73245016
45072316
42170563
57312604
73462105
42756130
32054761
13075264
30412567
23576140
53741062
62705314
02765134
06752431
12350476
71542063
04251637
07152643
53021674
04536271
76045312
24375160
02465173
21463075
17346502
15420367
64107352
31274065
16340725
67410253
71546302
42316075
12045637
40625731
17603524
74102356
20347165
13204675
57346201
73405621
41253706
21743605
37156042
34526017
21346057
62534170
12463705
43210675
40573621
65321074
21507643
23154607
56270341
20416537
21560473
53601247
76402351
37162450
34065712
21045673
31072456
17305462
20653174
10375264
20567314
62140375
02415763
12475603
15064372
61342057
41653072
62075431
31564702
05342761
75426103
36205471
52106734
02463175
62340175
70523416
40731265
20753146
02641753
63145072
16203574
53407126
14372560
07516432
40527316
02537416
30756124
70351462
43162507
30651742
53246107
52304716
15760234
53074612
73120465
43501627
62345170
41763025
31425067
72605143
24610357
16537024
06754123
23154670
37241650
12607345
30724561
42760531
52301476
24156037
50267413
16275430
45173206
46735012
72504316
40157362
57326041
61350274
04613572
76521043
75324160
20415673
13625470
21607354
62531704
23170654
62043517
73125046
17453620
67105234
15743026
12406753
72534016
30257614
02453671
37025641
52760431
40613257
10567243
75604231
42013576
71264350
67152403
76325401
10653472
23015647
24617305
67405213
14702356
03426175
57602314
70234651
32071546
01564372
14235607
62745103
73410256
63142750
13264750
12346075
71645032
24061735
02364571
61752043
53701462
27456013
02517364
62150734
71032564
10347256
46207351
20476531
24607351
15426730
03571624
14720365
72465103
27461530
02563741
41273065
37026451
47035261
52764301
30725614
12654073
35706214
37402615
42160735
35427061
64750321
37562140
14650327
24105673
37152046
32507641
27310546
14362750
13504672
46102357
12507634
23651074
10726354
13406725
75042163
53147260
07314625
37645102
23760154
50416732
62734015
67031245
47350261
01462537
23457106
50341762
52617340
70142563
51672430
24756013
42536071
13452670
15430276
74526031
40623715
47516032
13425076
13526740
04623571
60574321
43256017
25406173
01354726
72635401
13427506
34675210
63475120
73615042
04372615
37045126
25764301
41650372
26345170
30514726
05321746
43652071
64721503
25704316
46210753
32540617
47025163
14675032
45307261
34025617
30456271
67203541
14652703
02167354
45372610
26175304
16254307
14305276
61540372
14306527
47651203
51370624
10354762
54076231
03147526
12563470
34061275
43760215
42037156
62305147
45236701
41326705
35764120
17265430
13527604
34172650
64135270
07134652
47025631
65014273
17436205
05612734
60531724
36451027
05367124
03542176
07342561
27654310
06743125
34625017
42753106
47135062
26150473
30645172
24173506
10743652
60154273
04365712
01357426
37540126
02431765
02641375
40516372
10246573
72403561
36420157
32076514
67120435
43651207
62407135
67431205
25061743
24065371
21536074
72135640
32456710
27105436
06275143
34726510
32657104
16035472
52346107
01425763
62753410
23056417
52107364
50436127
21046573
06257341
67051234
70256134
71306254
34571026
05472613
05314762
26354071
47563102
60213574
45670312
36750142
34625701
24157306
32470651
20531674
23051674
27345106
67253401
74516230
14063752
52630174
07214635
03275641
76035421
71036452
16253407
70562341
30162457
03675124
05264137
31504276
17643520
20176453
37014625
41632705
26075341
23675041
32045716
46357210
43056712
30564127
73560241
02734156
42716035
23476150
45123067
37014526
20731654
54732610
51207463
04625713
65174032
46327510
41732056
23705614
60547321
40351762
45106723
31607245
36275041
17653420
16043572
06254713
16452307
40621357
02176354
72036154
51740236
72463105
24730651
70631452
07261354
03746521
05462371
36702415
07415632
17546032
37521406
61473502
23147605
43625701
01623475
27641503
54316027
30167524
03427165
20341675
76523410
64015372
61425307
53402617
34126075
26415703
06375124
42035671
25301746
73061254
14205763
51740362
42063157
04365721
46312570
65103274
47215360
52673401
24305716
71654023
62405731
61450327
32045176
25430617
05374162
14253670
07324516
31024756
36702451
43506271
03542716
06241375
56134207
24563170
62173054
53204176
53472610
17026345
02476135
34127056
72304561
20367514
42016735
67304215
30421657
37025614
45671230
21064753
01574632
70514236
01645723
45127630
06217354
05417236
35164207
12463705
72631540
43507261
57321064
35140762
26537410
61457230
47523061
35420671
05613274
27306541
45612370
25701436
26045317
61503427
35024617
16543720
13402756
46135720
75130624
12754036
46021753
36742051
35102674
71430652
42760153
35206174
37142560
13645270
41263507
26540371
40627531
02146573
52340761
12765034
42631057
24603715
47651023
24037651
20147365
42051673
32051674
35460271
20746153
31547260
63245710
41072536
06531742
43106752
43076251
32451760
24501367
10762435
57260134
04315672
54721306
56473012
23457061
35270614
75263104
32417605
13045267
30564271
26530471
60153427
17654023
34210576
63124570
34761520
63174025
74062513
57412063
02573416
45621703
13645720
64251730
15370264
50341627
23045617
21543706
13746502
07513642
35201476
45623170
26341750
05614273
52341706
10243576
21045736
65432107
15472360
25317460
36705124
26410753
03451726
54216370
45067231
20413576
67125340
14265703
01652734
02165473
46502731
73640521
21605473
13620475
02537614
02735614
06573142
16043257
54017263
62157340
64750231
12753640
06431752
61504237
45210376
04253716
03162457
07342165
21073564
41057236
72361045
74062153
07142563
04361752
43716025
16073524
64375120
21346570
54062173
13560427
20657314
63025714
14203576
34521076
20567413
75321640
06174532
74135602
37541206
36120547
53621740
24036571
01246357
73451620
20163457
24560371
15720346
41732560
34725601
67245301
10546372
02461573
05312674
43516720
54067321
14637250
61520374
05176324
35067142
14075326
61302754
36150472
54126730
71530642
42106357
27054361
27360154
62470513
21357604
76341205
15206743
24716503
72645310
52037164
74503621
40762315
57043621
46201357
35264071
63512047
74265301
03567421
25146370
30625714
06321574
53724106
50431726
16304257
40623517
54320671
03754162
17034652
32641705
12435706
41570326
64120735
10753624
01326745
41725603
41207563
23617504
27530164
24356107
32046157
34256017
70351642
20541637
31524607
50341762
27305461
56230471
76341205
52671340
25430617
31025764
25036714
30564217
04152637
72405613
10356724
02457613
64705312
02346517
36052741
35241067
21035746
70531264
34057612
32165074
03576124
34157620
43765120
05426137
50314276
05234176
52047613
31502764
02364175
70312465
40672531
24510673
14376025
37254106
74365120
24365071
26105743
42560731
65042731
31507462
74206351
31756402
21675403
40162573
16352074
47062531
13572604
06231745
23460715
53127640
61752304
73461520
21340765
13754260
54362170
16074253
27654130
31460275
16453207
73461205
04231675
57126403
57641032
06427135
61043275
16523740
34650217
13064527
50341627
61540273
32541607
23460751
67510324
15307426
62314507
35106724
74563201
62043517
30462517
51627034
15320674
60173425
25417063
25476031
53417620
06317542
45032617
14052637
32067145
27564103
72056341
30745261
73504621
31045726
31624705
20154763
23504716
30642175
57230416
65347021
05321476
30264715
65704321
65173204
54273016
70645123
10657423
27530614
32547061
13426057
26570431
03672154
36701425
14520736
02741635
26435701
45621073
45736120
14367205
50761342
14356720
06352147
05632714
14526703
32054716
02641735
61702345
45127360
21706543
34160725
25476031
12635407
41072635
06345721
16752304
63215407
31206547
07435612
41526073
51204673
62105473
15430672
63712045
37016452
06254137
27631405
23041675
72306451
02734651
02341567
45132670
53716204
26735041
42760531
43725061
32460157
17564203
73160245
64215037
13456702
42601573
60517243
75413260
67154302
46305271
72650431
35164072
14702356
53126704
73241605
10273456
23650471
34705216
30215746
32704651
62701435
40571326
47605312
73054162
35607142
03746521
30726451
23140576
24156703
30614572
34150627
13456207
72364501
43275160
13546027
71453026
51260374
12043567
32471560
56702431
32751640
13640752
70563421
47621035
56741230
32714560
73506241
45613702
05426137
14760325
30527614
16540273
02163457
45276130
06732145
60247315
47310265
21735604
43157062
42157306
52370614
72435106
03742651
24607153
71360245
32410756
65302741
47065123
57301624
05713642
04375612
21576430
46350172
53012746
51367420
63051247
03712654
31075246
27065431
41372056
30421675
62043157
34760152
34207165
03574621
26350714
31427065
01247635
06715243
42017653
07325641
54617302
54360712
20451763
62540371
14527360
64502713
24350671
20746315
24617530
23154607
52176430
43126507
42376051
56023471
75320146
32450761
72451360
10274635
32451067
12074365
13742056
67542130
36702541
21643705
43216057
46057231
56201734
73062514
13507426
16450732
67345012
04651372
04376521
60527143
40257631
72301564
71345602
61253074
13754602
64071253
60532417
40613257
70614253
61235074
63425170
36014275
20461753
24706531
12635704
24701563
15742360
71035462
67023154
17250364
56213047
12406573
12035674
03561427
51304672
51276403
43651702
75423601
17623054
24760513
51340762
17230546
15274063
04726513
70342165
46720153
52417036
31567042
37120465
36247105
65302741
61370542
04761523
04253167
47061352
17540236
06721534
24057613
72415063
73624150
23564701
72304651
64503712
75613420
14023756
01432765
53260471
10734562
23160475
35160472
32647015
17235064
37056214
42360517
47325601
07315246
42356170
65407213
62475013
06231754
05416732
43562071
53164702
01574263
40375621
15074632
26430517
14350726
07125634
40512763
31247650
01427356
34176205
36415207
06451372
62405713
70645132
41306275
47602315
43126570
03754612
06452317
10375642
25417306
61573204
25736401
02417365
02574613
25716403
51234706
31065724
04371652
04561273
12347560
10634275
14203576
61723450
24167035
64170352
23140765
27160453
31542076
27360415
34675201
52603714
42305671
71046523
01452367
17602453
63024715
36725014
50417623
40671532
13265407
05432716
35712406
67401235
57310246
06457213
10642735
02173465
34210567
03541762
52436701
51372604
21506743
74052163
31760254
74516320
37425016
02513476
64307125
72034561
21504673
10657234
37452601
56301274
24130756
42367510
52736140
17036524
24635710
20367415
34072516
62735410
02567413
12675043
72635401
24576301
37214605
12450637
35042671
73206541
75163420
75126340
64350172
54017362
73146205
74263015
57421360
70243651
27150364
32560741
45731602
34510672
13247506
41203765
52316047
76514203
10364257
13526470
14736520
13567420
21365047
04375216
25706341
41753620
13724506
35247610
32745016
41325607
52346701
07315624
05364271
16253704
47163502
12036475
65213074
13057624
23165704
71324065
20143765
20547631
01326457
31452076
36710542
04762531
12647530
30671542
07215463
14732560
35041276
53170246
42065173
43762105
31256074
27560413
71630425
65721043
74501326
75304621
02517463
46705213
57641203
20614573
10453672
53076214
56173204
73450261
25046371
45230167
52631740
43206715
12540736
32174065
37410256
41736502
72154603
57401362
24510763
05427163
54162370
56371042
70316245
72046351
65473201
54207613
43012576
63524710
13652704
34601725
04263157
62435017
32015674
31745620
32416705
53604127
37460251
31672450
03624751
76035241
41527036
13705624
01475623
75463210
13640527
24576301
25467130
12046753
15207364
21346750
15640372
24170356
20467513
05761342
03142756
16470325
32150764
16032475
31526470
35067412
76310542
15732640
63245710
53012746
53026471
52741630
71306245
25173640
54670213
54761023
07632145
26310745
57034162
15240637
10547632
14302756
24506371
01653247
03427561
13762540
16725043
27465013
12345607
62374501
72034156
70451236
05146372
24370651
47061325
20351674
42567013
01726354
21053746
14735062
03216547
51043726
12475036
23605147
15463702
02563741
03751462
76514023
61320475
23167450
31406752
14675302
56402173
30645127
15372046
57034261
23417506
65740132
43726051
42063157
23460175
34105762
32105674
47106325
51746023
27103456
24013756
10426753
34752601
63724105
14307526
20534716
21645730
10347256
31247056
56314072
70512643
53207641
46073125
46231570
10263574
71460235
26470351
51274036
62143075
50236174
01635247
24136057
34261750
63750124
53401267
01325764
06412537
12074536
40123765
57061324
01345762
27614503
20475613
15367024
26501374
64053217
47310526
25140736
75432610
30261547
40375126
56473012
70356214
70354261
67325401
23106754
32051647
04257631
14205637
34561027
26304571
36572041
15763024
65103274
24106753
40123675
61354072
13456207
15634072
63401572
35176420
64712053
20541763
12405367
54102763
52403167
14726305
60357124
06731452
70613452
02614753
31045267
71502346
73605241
05216743
42653107
45127306
12743650
57146230
54716023
56703421
10345267
46250317
13475026
72601453
24356071
65241703
02547316
12305674
74250136
30546271
62043517
72531640
32541076
32056741
63710245
67325401
67410235
64531207
13456072
45610273
52067134
17420653
67041253
41263705
50124763
41276350
42057613
50176432
25413670
12360475
40715326
16074532
17564320
41370562
20743561
14075326
37420156
10342567
50234176
73045612
14536702
34201576
23516407
15347206
20643175
32054176
23015674
52643017
35620174
41362075
61724305
20435671
07256413
13406275
72456103
46051723
45013627
32075416
24036715
04756312
63045127
06237415
40312675
54723601
61245073
42653701
16475023
01427653
40621375
41362570
74205631
15740623
60514732
34610527
64015723
35740216
35076214
13645027
01547236
64705123
56320174
26157034
65372041
15032647
74250631
03146275
04567321
76320451
13725604
46531702
71602435
57614320
43075216
70523641
06472351
35210467
36407512
73402651
51364072
07345126
23416075
47012635
37645102
12476350
10523674
42053716
42730615
12305647
17204365
70412635
02647135
45301672
32570164
12064573
04316725
16437205
42735016
72430156
17623504
03142675
04612753
52067143
72035614
70524136
41036725
15370246
46125370
04635271
34206175
75140362
46035127
71405632
15324706
20576314
63751042
50723461
21046735
13520674
61240375
12750643
42760513
41026357
23547601
43105267
74312605
02467135
37451602
60157234
02143567
16307245
07531624
23154706
25043167
71634205
53264701
37265401
53406172
64053127
07341562
10673452
01746523
05761234
06231745
13426075
65140273
50671243
30246751
64750231
46530127
01246375
01634527
67145302
26057314
74356021
56410732
61205473
46527013
54163027
03142675
72054613
72154630
46702153
13462057
47526310
25476301
16402375
16504273
60413725
03425716
46523107
45032617
52740163
70346152
73461052
34576021
12674035
61470253
26053174
07364512
34526710
60371524
24103675
73625041
32165704
54630217
65327140
34520617
04567321
14372650
14653027
63741520
13270456
57046123
13026475
52631407
54037621
15623074
57103624
15326470
20673541
35176204
21360745
27601345
74162053
10753624
13547260
52460713
53207416
37450612
24175063
32475061
56370412
13456207
36405217
14026573
03217465
50213674
43571620
20634715
20345176
35170462
02165473
42367105
46032751
23564170
73651402
31607452
52604173
45317620
07246351
24701635
01247635
40216357
14265037
46103527
67405132
31025647
21430765
27461350
01435276
03126547
13654207
36024157
35067421
70362541
67524301
32451670
47530261
64735012
13420765
65140732
74312560
46702315
60247315
52067431
45162703
07631254
43160275
20471635
12346705
07526341
47062513
12036574
43651270
72146503
10732654
24571063
30754612
26375410
72165403
27516340
41503726
37514206
25403761
12407365
73514026
43102675
30657214
54306127
37014265
72150643
13056724
04271563
12653470
27450613
32054671
30612754
06734521
43572061
24376015
12435076
30176245
65174230
62051743
70521346
51403672
34160572
35640271
72145360
30657241
15732460
61543270
03562174
31406257
31642057
51634072
76351024
74316520
74023516
65310472
02614537
53714260
50427136
70163542
30216457
32105647
16375402
03542671
52041763
02731465
17206354
51367420
74316502
30541726
53246071
14702653
34712650
04376521
54301267
31456072
76435021
03417265
61502734
65013427
31652470
26354701
73241605
64527301
35420617
53601274
56432107
35740162
12365704
10342576
62357104
62307415
45307261
50342176
05634271
36420751
37642150
50346712
70152634
61025374
61740352
35240176
26075413
06541237
13640725
70426135
37652401
25401673
45367210
12056347
50367124
21057634
60317254
01625734
24576301
02437561
41027563
53120674
57240631
54170236
32650471
46302751
40375612
23014765
20147365
75021643
20563741
45730261
53741062
72501436
46725031
01732456
57316240
17453206
34501726
34016725
04357612
34067152
76453120
63052741
24750316
43762015
01256743
12645037
57021436
34206175
07624513
46173520
34610275
61542307
25601347
15627034
54672310
60253147
73405261
23450761
16053274
17056243
51367420
65432710
31276450
24503671
24163075
03465271
04671352
14267053
15074623
42710635
20465173
25463071
01764253
54621703
06374251
23506417
06135472
72061435
60357421
12437650
03642571
52670413
72046531
15326704
60423175
56142037
73165024
20371564
23165470
47153062
10345726
15726304
71046352
23450671
40721536
10673425
14657023
64031257
61734250
04217356
52346701
47162035
26570413
12340567
24370651
20413756
52306174
02475316
02764315
15263470
10342576
35640172
17302564
73456201
57120463
12340576
24375061
50746231
63571420
60347251
04625137
72506143
43710526
75136402
03675142
25401376
47063125
51270643
57302146
17630425
45126073
04321567
25346170
42503176
24375106
04573261
01724653
53027614
01572364
12370546
34615072
23647051
76253041
46130527
30415627
34502716
27564310
43276150
03517462
34625170
14702635
30764251
14760523
76352401
73206541
37251046
52371604
51327640
63450172
34216570
12356407
07263154
64307152
45701263
73051642
56037241
10467523
27156403
54170236
71450236
01754263
02316457
10324675
23657104
54601237
17023546
74316052
01547623
15670234
